Transfer Learning with Inception V3
              precision    recall  f1-score   support

           0       0.85      0.90      0.87       469
           1       0.85      0.84      0.85       501
           2       0.66      0.66      0.66       502
           3       0.81      0.86      0.84       469
           4       0.88      0.90      0.89       491
           5       0.88      0.84      0.86       520
           6       0.80      0.81      0.80       498
           7       0.91      0.91      0.91       500
           8       0.73      0.72      0.73       511
           9       0.93      0.94      0.93       496
          10       0.82      0.78      0.80       529
          11       0.91      0.91      0.91       503
          12       0.88      0.90      0.89       488
          13       0.57      0.55      0.56       523

    accuracy                           0.82      7000
   macro avg       0.82      0.82      0.82      7000
weighted avg       0.82      0.82      0.82      7000

[[423   5   1   1   4   6   6   1   3   5   8   0   1   5]
 [  5 423  17   4   1   1   0   0  11   0  19   1   9  10]
 [  2  18 332  41   1   1   4   3  39   0   4   6   3  48]
 [  0   4  22 405   0   1   2   0   6   1   0  11   3  14]
 [  7   0   1   1 441  29   5   2   1   1   0   0   0   3]
 [ 12   1   2   1  35 439   2   1   3   0   4   4   3  13]
 [ 15   1   4   0   3   0 401  10   7  25   7   3   1  21]
 [  0   1   3   0   3   0   9 457  14   3   0   2   6   2]
 [  3   9  54   7   6   8  13  16 367   1   4   4   6  13]
 [  4   1   0   0   2   0  13   8   1 464   1   0   1   1]
 [ 13   9  10   0   0   2  17   0   0   0 410   2   1  65]
 [  1   4   2  17   2   1   1   0   4   0   0 456   6   9]
 [  4   6   0   3   1   6   2   1   9   0   1   5 440  10]
 [ 11  18  52  20   1   6  25   1  35   0  42   6  20 286]]
Accuracy: 0.8205714285714286