Simple CNN Model
              precision    recall  f1-score   support

           0       0.24      0.45      0.31       262
           1       0.39      0.49      0.44       398
           2       0.49      0.29      0.37       839
           3       0.36      0.51      0.42       350
           4       0.35      0.46      0.39       378
           5       0.20      0.40      0.26       247
           6       0.50      0.47      0.48       541
           7       0.62      0.41      0.49       760
           8       0.57      0.28      0.38      1008
           9       0.64      0.55      0.59       585
          10       0.62      0.63      0.63       495
          11       0.40      0.62      0.49       322
          12       0.49      0.54      0.51       450
          13       0.23      0.31      0.26       365

    accuracy                           0.44      7000
   macro avg       0.44      0.46      0.43      7000
weighted avg       0.48      0.44      0.44      7000

[[119  17   3   3   6  18   9   5  10  20  20   8  11  13]
 [ 32 196  27  27   4  11   5   2   8   5  34   2  15  30]
 [ 32 117 246  97  12  18  19  11  83   6  36  34  34  94]
 [ 11  18  16 180  12  11   2   9   8   0   4  51  13  15]
 [ 24   3   3   6 173  96   9  11  16  15   5   4   6   7]
 [ 13   3   1   6  66  98   9   7   7   8   1  11   8   9]
 [ 48   5   9   8  20  25 252  25   3  57  10  24  18  37]
 [ 42  13  11  18  76  65  59 309  32  34  11  36  37  17]
 [ 35  33 123  77  69  73  40  77 287  11  15  51  76  41]
 [ 77   9   3   1  36  33  38  25   5 322   8   8  11   9]
 [ 20  20  12   2   5   9  22   1   5   3 311   2   0  83]
 [  7  16   4  26   5  11   5   2   6   7   6 200  15  12]
 [ 17  18   7  18  10  17  15  14  12   3   4  53 243  19]
 [ 23  32  35  31   6  15  16   2  18   9  35  16  13 114]]
Accuracy: 0.4357142857142857